2015 12 26 488057 1 0 0 0 0 0 0
2015 12 27 13168144 31 7985 10734 1868 567 239 28
2015 12 28 14483461 30 8911 11912 2162 611 283 29
2015 12 29 14271699 31 9449 12150 2158 683 294 22
2015 12 30 4496536 30 13475 14940 2935 894 388 38
2015 12 31 4616221 31 13775 15532 2979 953 422 39
2016 1 1 4404942 30 13201 14820 2891 943 373 42
2016 1 2 4429779 30 13293 14749 2900 873 414 43
2016 1 3 4541135 31 13539 15039 2816 924 399 45
2016 1 4 4659024 31 13681 15331 2974 943 432 46
2016 1 5 4461631 30 12926 14377 2795 871 413 31
2016 1 6 4498731 29 12929 14417 2744 847 383 28
2016 1 7 4870334 31 13656 15291 2933 853 402 35
2016 1 8 4765369 30 13180 14929 2823 852 399 29
2016 1 9 4979214 31 13953 15273 2855 997 446 32
2016 1 10 4772674 30 13680 14876 2836 881 393 29
2016 1 11 4768590 30 13424 14961 2836 861 368 28
2016 1 12 4868099 31 13894 15097 2829 877 413 37
2016 1 13 4748007 30 13684 14776 2855 892 409 40
2016 1 14 4956779 31 14063 15397 2988 838 402 36
2016 1 15 4763788 30 13397 14876 2861 909 372 33
2016 1 16 4885343 31 13977 15140 2926 951 432 41
2016 1 17 4760780 30 13239 15071 2708 884 389 33
2016 1 18 4973773 31 14271 15547 2976 902 412 29
2016 1 19 4743880 30 13517 15091 2799 868 391 25
2016 1 20 4725439 30 13439 14906 2893 964 378 31
2016 1 21 4863163 31 13723 15252 2929 953 395 37
2016 1 22 4760102 30 13536 14778 2781 899 371 32
2016 1 23 4992271 31 14266 15448 3008 846 441 37
2016 1 24 4827130 30 13589 14700 2833 888 413 30
2016 1 25 4977944 31 14036 15164 2849 900 395 41
2016 1 26 4858164 30 13404 14814 2862 912 433 39
2016 1 27 5049924 31 14119 15562 2905 950 432 38
2016 1 28 4824374 30 13514 15010 2850 822 388 46
2016 1 29 4821243 30 13188 14757 2937 896 370 31
2016 1 30 4935495 31 13518 15101 2928 966 434 37
2016 1 31 4835460 30 13551 14725 2764 931 396 36
2016 2 1 5037812 31 13845 15594 2867 934 412 28
2016 2 2 4837614 30 13494 14685 2829 901 389 35
2016 2 3 4968890 31 14024 15353 2898 893 416 32
2016 2 4 4793941 30 13512 14772 2875 875 389 39
2016 2 5 4990095 31 14031 15414 3031 884 423 29
2016 2 6 4796030 30 13409 14558 2777 866 418 36
2016 2 7 4819024 30 13575 14824 2769 862 381 31
2016 2 8 4940134 31 13853 15178 2815 898 386 42
2016 2 9 4814786 30 13383 14815 2760 929 364 38
2016 2 10 5041275 31 14258 15237 3012 936 408 33
2016 2 11 4857790 30 13507 14756 2852 869 423 45
2016 2 12 4956276 31 13928 15208 2852 945 401 27
2016 2 13 4812260 30 13572 14823 2808 886 390 42
2016 2 14 5034154 31 14014 15632 2854 906 410 33
2016 2 15 4816836 30 13585 15122 2806 860 402 37
2016 2 16 4822930 30 13531 14704 2842 843 372 37
2016 2 17 4949139 31 13993 15098 2942 941 401 28
2016 2 18 5033271 31 14047 15487 2852 894 345 23
2016 2 19 4823263 30 13749 14641 2797 890 375 35
2016 2 20 4835728 30 13361 14732 2873 910 393 24
2016 2 21 4932895 28 13788 15007 2818 833 422 36
2016 2 22 4208865 22 10997 12084 2227 733 284 27
2016 2 23 4758161 34 13022 14534 2751 824 357 37
2016 2 24 4481372 28 12666 14108 2599 767 306 29
2016 2 25 4796741 31 13520 14971 2966 849 380 49
2016 2 26 4644583 30 13334 14708 2675 818 398 44
2016 2 27 4617430 30 13265 14414 2805 883 404 31
2016 2 28 4761163 31 13606 15210 2877 908 428 22
2016 2 29 4649227 29 13288 14717 2800 879 405 32
2016 3 1 5100895 31 13895 15113 2816 906 406 36
2016 3 2 5014946 30 13484 14524 2778 924 387 39
2016 3 3 5245220 31 13999 15251 2992 906 416 38
2016 3 4 5033728 30 13388 14589 2772 918 405 36
2016 3 5 5039089 30 13149 14532 2843 877 389 40
2016 3 6 5141179 31 13863 15244 2853 891 405 29
2016 3 7 5210403 31 13818 15138 2964 940 404 27
2016 3 8 4989061 30 13238 14734 2814 884 404 32
2016 3 9 5007746 30 13253 14812 2789 882 401 46
2016 3 10 5152021 31 13871 15185 2903 957 406 35
2016 3 11 4921105 30 12899 14311 2888 848 398 26
2016 3 12 5210393 31 14225 15330 2859 927 397 24
2016 3 13 4997908 30 13249 14689 2790 839 368 37
2016 3 14 4993315 30 13452 14531 2812 890 414 44
2016 3 15 5101303 31 13762 15117 2929 908 403 27
2016 3 16 5184809 31 14019 15214 2987 935 400 31
2016 3 17 4965803 30 13515 14860 2716 911 377 35
2016 3 18 4989703 30 13579 14718 2750 946 381 34
2016 3 19 5101463 31 13809 15136 2861 930 410 33
2016 3 20 4996334 30 13482 14551 2877 894 406 36
2016 3 21 5212739 31 13944 15207 2972 922 397 35
2016 3 22 4992820 30 13527 14524 2792 846 362 24
2016 3 23 4978988 30 13444 14963 2833 899 393 30
2016 3 24 5080193 31 13760 15242 2906 875 449 33
2016 3 25 5174663 31 14022 15608 2872 982 406 33
2016 3 26 4945790 30 13289 14556 2694 945 414 38
2016 3 27 4946527 30 13364 14756 2811 890 423 31
2016 3 28 5086990 31 13837 15131 2907 869 402 34
2016 3 29 4977045 30 13624 15022 2882 887 358 31
2016 3 30 5190107 31 13907 15399 2981 888 411 39
2016 3 31 4992431 30 13556 14521 2925 882 380 36
2016 4 1 5011781 30 13447 14755 2834 863 385 22
2016 4 2 5144925 31 13901 15157 2901 878 383 44
2016 4 3 5234106 31 14138 15114 2867 916 429 43
2016 4 4 5019498 30 13495 14691 2789 904 419 42
2016 4 5 5020195 30 13370 14683 2787 832 356 30
2016 4 6 5140552 31 13971 15129 2822 883 402 29
2016 4 7 5011696 30 13650 14724 2788 917 402 36
2016 4 8 5221898 31 14067 15383 2835 884 405 34
2016 4 9 4908980 30 13212 14377 2694 858 378 37
2016 4 10 5001452 30 13406 14716 2698 899 400 36
2016 4 11 5099278 31 13982 15053 2905 944 378 40
2016 4 12 5195295 31 14043 15544 2974 987 394 42
2016 4 13 4959295 30 13386 14760 2895 848 420 30
2016 4 14 4904831 30 13254 14544 2884 915 388 32
2016 4 15 5025582 31 13796 15330 2919 919 398 39
2016 4 16 4913621 30 13115 14655 2777 831 353 24
2016 4 17 5152257 31 13909 15381 2908 906 390 32
2016 4 18 4960996 30 13421 14675 2791 874 373 35
2016 4 19 5276585 30 13699 14938 2914 959 406 39
2016 4 20 4943620 31 13379 14601 2913 958 408 42
2016 4 21 5131855 31 13958 15314 2905 899 425 30
2016 4 22 4899780 30 13174 14763 2909 934 382 42
2016 4 23 4892942 30 13437 14827 2794 911 383 41
2016 4 24 5023238 31 13718 14995 2880 903 399 33
2016 4 25 4919833 30 13432 14734 2869 900 380 25
2016 4 26 5140362 31 13895 15275 2883 898 415 42
2016 4 27 4957143 30 13331 14805 2815 827 409 20
2016 4 28 5098295 31 13868 15126 2914 907 386 48
2016 4 29 5002458 30 13459 14795 2785 938 421 37
2016 4 30 5097226 30 13984 15248 2829 919 375 28
2016 5 1 4987350 30 13516 14616 2803 895 389 36
2016 5 2 4983664 30 13267 14673 2838 854 407 37
2016 5 3 5090202 31 13957 15087 2936 830 401 38
2016 5 4 4973809 30 13239 14849 2832 908 399 44
2016 5 5 5211712 31 14107 15146 2990 946 399 30
2016 5 6 5000455 30 13642 14929 2837 919 400 26
2016 5 7 5092719 31 13968 15276 2893 879 406 42
2016 5 8 4973897 30 13533 14806 2833 885 387 35
2016 5 9 5179167 31 14058 15307 2885 922 433 44
2016 5 10 4981456 30 13479 14863 2865 899 404 29
2016 5 11 4996552 30 13445 14601 2927 867 391 41
2016 5 12 5125106 31 13569 15264 2879 868 407 36
2016 5 13 5020918 30 13568 14791 2780 916 398 38
2016 5 14 5230651 31 13845 15318 3010 959 432 30
2016 5 15 5001493 30 13307 14550 2836 920 396 35
2016 5 16 5115006 31 13961 15049 2838 928 374 41
2016 5 17 4976579 30 13501 14683 2767 879 404 34
2016 5 18 5181593 31 13913 15340 2952 924 426 32
2016 5 19 4955215 30 13393 14662 2816 851 404 28
2016 5 20 4920202 30 13243 14589 2961 894 358 41
2016 5 21 5037509 31 13760 15264 2850 924 399 39
2016 5 22 5157395 31 13976 15101 3007 935 399 44
2016 5 23 4967697 30 13368 14518 2821 877 394 35
2016 5 24 4979641 30 13277 14693 2781 885 415 41
2016 5 25 5116570 31 13717 15314 2902 913 405 38
2016 5 26 5018044 30 13371 14589 2730 823 345 36
2016 5 27 5238123 31 13918 15394 2976 964 406 40
2016 5 28 4987377 30 13380 14492 2824 908 371 24
2016 5 29 5005348 30 13541 14789 2864 864 394 34
2016 5 30 5003752 30 13537 15017 2793 915 389 34
2016 5 31 5223195 31 14016 15383 3002 941 434 40
2016 6 1 5029102 30 13481 14874 2767 911 381 34
2016 6 2 5047090 30 13719 14766 2827 883 401 44
2016 6 3 5183541 31 13807 14982 2819 891 420 36
2016 6 4 5059131 30 13425 14751 2818 827 392 27
2016 6 5 5263408 31 14106 15431 2912 967 377 26
2016 6 6 5038234 30 13387 14747 2787 864 412 36
2016 6 7 5036138 30 13522 14768 2831 854 359 25
2016 6 8 5164064 31 13890 15101 2889 896 377 37
2016 6 9 5271758 31 14070 15428 2903 891 446 28
2016 6 10 5070606 30 13598 14782 2796 909 383 35
2016 6 11 5046675 30 13627 14802 2738 907 347 24
2016 6 12 5154077 31 13857 14999 2851 942 395 30
2016 6 13 5006892 30 13453 14736 2833 894 366 31
2016 6 14 5175989 31 13779 15361 2858 971 425 33
2016 6 15 4932695 30 13460 14438 2774 887 439 34
2016 6 16 4928770 30 13282 14696 2906 898 376 37
2016 6 17 5047514 31 13633 14879 2769 919 400 41
2016 6 18 5138570 31 14065 15098 2912 903 416 36
2016 6 19 4954420 30 13296 14504 2874 882 399 38
2016 6 20 4984402 30 13377 14627 2785 877 419 38
2016 6 21 5136968 31 13965 15214 2867 890 390 41
2016 6 22 5039577 30 13521 14746 2826 929 366 37
2016 6 23 5201529 31 14159 15327 2971 915 385 32
2016 6 24 4786654 22 13190 14797 2816 881 364 40
2016 6 25 5095162 31 13763 15159 2805 938 385 29
2016 6 26 4975337 30 13449 14913 2740 895 362 36
2016 6 27 5066763 32 13687 15126 2884 844 413 35
2016 6 28 4991875 30 13143 14557 2768 838 367 22
2016 6 29 5000173 30 13589 14679 2821 866 345 37
2016 6 30 5134598 31 13705 15027 2931 924 393 47
2016 7 1 4752125 20 13426 14983 2765 885 392 36
2016 7 2 5230478 31 14032 15271 2861 941 444 32
2016 7 3 5020299 30 13745 14647 2755 875 418 37
2016 7 4 5150772 31 13888 15351 2855 922 435 35
2016 7 5 5049461 30 13386 14713 2800 897 410 38
2016 7 6 5284312 31 14204 15239 2929 904 377 32
2016 7 7 5066795 30 13313 14683 2798 878 394 36
2016 7 8 5026972 30 13442 14640 2896 867 364 36
2016 7 9 5117087 31 13765 15213 2909 851 396 40
2016 7 10 4979935 30 13579 14617 2763 903 372 31
2016 7 11 5180510 31 14148 15089 2925 921 399 39
2016 7 12 4951779 30 13440 14824 2759 921 391 32
2016 7 13 5053745 31 13618 15065 2846 902 421 34
2016 7 14 4931422 30 13538 14797 2787 880 381 40
2016 7 15 5149425 31 14049 15487 2958 970 417 33
2016 7 16 4950861 30 13341 14753 2792 863 385 39
2016 7 17 4975564 30 13168 14815 2879 868 384 31
2016 7 18 5112617 31 13830 15036 2880 891 391 40
2016 7 19 5223926 31 13915 15314 2933 907 398 40
2016 7 20 4948051 30 13607 14741 2895 877 403 42
2016 7 21 4926907 30 13559 15015 2781 874 407 37
2016 7 22 5073491 31 13520 14964 2830 904 401 46
2016 7 23 4982769 30 13449 14565 2892 869 396 35
2016 7 24 5197966 31 14100 15542 2964 969 373 38
2016 7 25 4999027 30 13644 14715 2737 906 389 28
2016 7 26 4904254 30 13155 14415 2730 872 403 34
2016 7 27 5125160 31 13696 15057 2882 944 414 39
2016 7 28 5233873 31 14132 15545 2876 924 409 35
2016 7 29 5023346 30 13475 14886 2751 825 400 30
2016 7 30 5037394 30 13295 14790 2754 847 357 31
2016 7 31 5171867 31 13823 15162 2854 907 390 38
2016 8 1 5075101 30 13542 14817 2814 909 379 33
2016 8 2 5273210 31 14055 15483 2963 907 436 42
2016 8 3 5004830 30 13505 14792 2866 864 404 34
2016 8 4 5010586 30 13460 14945 2721 891 418 41
2016 8 5 5138876 31 13770 15070 2947 917 404 29
2016 8 6 5225287 31 13999 15459 2984 911 428 50
2016 8 7 4999300 30 13284 14762 2898 878 382 34
2016 8 8 5004886 30 13527 14775 2839 867 399 36
2016 8 9 5100971 31 13673 15237 2850 924 407 35
2016 8 10 4967297 30 13261 14585 2856 922 367 34
2016 8 11 5185017 31 14137 15493 2963 923 451 44
2016 8 12 4988637 30 13381 14769 2812 877 394 24
2016 8 13 5015809 30 13548 14864 2787 903 410 36
2016 8 14 5146545 31 13674 14978 2927 932 389 40
2016 8 15 5261351 31 13836 15286 2962 883 369 34
2016 8 16 5024941 30 13246 14576 2786 873 392 35
2016 8 17 5016438 30 13597 14656 2794 885 370 31
2016 8 18 5126520 31 13731 15198 2833 907 364 26
2016 8 19 4994367 30 13479 14561 2791 884 361 29
2016 8 20 5188363 31 13774 15281 2915 947 435 37
2016 8 21 4965549 30 13625 14637 2797 905 391 39
2016 8 22 4981657 30 13541 15035 2806 888 381 30
2016 8 23 5131101 31 13827 15302 2820 939 423 34
2016 8 24 5209299 31 14051 15482 2969 869 412 31
2016 8 25 5011642 30 13259 14669 2865 907 392 28
2016 8 26 5024477 30 13447 14910 2860 902 379 28
2016 8 27 5158187 31 13711 15381 2881 868 410 26
2016 8 28 5055579 30 13589 14833 2884 875 432 24
2016 8 29 5289354 31 14089 15317 2887 886 388 42
2016 8 30 4876851 29 12912 14348 2722 856 363 32
2016 8 31 5163987 31 13952 15215 2897 861 382 36
2016 9 1 5026472 30 13311 14674 2901 916 384 28
2016 9 2 5213870 31 14111 15230 2883 861 412 38
2016 9 3 4978588 30 13317 14776 2916 891 382 33
2016 9 4 4974392 30 13460 14708 2899 904 402 41
2016 9 5 5098667 31 13908 15074 2901 879 355 34
2016 9 6 4993356 29 13475 14808 2821 859 411 41
2016 9 7 4152321 17 12395 13571 2657 813 377 35
2016 9 8 3765446 16 11167 12334 2357 735 330 31
2016 9 9 4457510 26 11912 13038 2554 753 336 32
2016 9 10 5039450 30 13401 14738 2747 901 383 48
2016 9 11 5270664 31 13985 15456 2984 955 376 31
2016 9 12 5048373 30 13293 14740 2744 875 381 39
2016 9 13 5057505 30 13573 14652 2887 845 337 31
2016 9 14 5186738 31 13890 15304 2885 942 404 40
2016 9 15 5300618 31 14183 15521 2957 967 390 35
2016 9 16 4990649 27 13710 14963 2741 886 364 38
2016 9 17 5066543 30 13713 14590 2817 861 389 32
2016 9 18 5166954 31 13690 15244 2918 911 392 33
2016 9 19 5048128 30 13393 14611 2869 869 382 34
2016 9 20 5253472 31 13885 15395 2921 944 441 38
2016 9 21 5038863 30 13518 14775 2881 880 378 37
2016 9 22 5038329 30 13380 14868 2741 872 372 31
2016 9 23 5152041 31 13621 15165 2826 889 404 43
2016 9 24 5256928 31 14153 15517 2850 889 410 36
2016 9 25 5078206 30 13484 14615 2838 896 368 30
2016 9 26 5086136 30 13532 14715 2749 815 394 26
2016 9 27 5183388 31 13680 14934 2874 913 394 32
2016 9 28 5037507 30 13303 14770 2864 885 378 23
2016 9 29 5237111 31 14192 15335 3006 902 386 40
2016 9 30 4917790 30 12927 14446 2758 854 367 40
2016 10 1 5028622 30 13293 14817 2752 936 370 28
2016 10 2 5162891 31 13625 15112 2940 904 396 45
2016 10 3 5257245 31 13966 15351 2928 883 340 38
2016 10 4 5052393 30 13430 14861 2802 888 389 33
2016 10 5 5065250 30 13607 14663 2838 847 351 30
2016 10 6 5196841 31 13917 15147 2979 923 363 43
2016 10 7 5090665 30 13496 14701 2822 875 416 20
2016 10 8 5330316 31 13894 15156 2911 898 439 42
2016 10 9 5126423 30 13480 14773 2792 924 410 38
2016 10 10 5128163 30 13483 14595 2819 868 369 36
2016 10 11 5237130 31 13843 15072 2788 907 391 42
2016 10 12 5302922 31 14083 15471 2970 932 434 34
2016 10 13 5073584 30 13545 14736 2822 828 388 39
2016 10 14 5101568 30 13473 14668 2754 843 402 37
2016 10 15 5176354 31 13956 15055 2947 907 395 30
2016 10 16 5062692 30 13484 14693 2688 944 390 38
2016 10 17 5271326 31 13785 15239 2939 893 399 36
2016 10 18 5054205 30 13368 14799 2868 915 394 30
2016 10 19 5183474 31 13780 15217 2873 913 394 47
2016 10 20 5072989 30 13433 14582 2790 902 396 46
2016 10 21 5295106 31 13983 15404 2967 916 409 36
2016 10 22 5105896 30 13510 14923 2748 893 404 38
2016 10 23 5109739 30 13632 14672 2714 846 364 42
2016 10 24 5222191 31 13799 14939 2825 881 448 38
2016 10 25 5082207 30 13323 14532 2781 876 385 26
2016 10 26 5256131 31 13916 15272 2891 921 412 44
2016 10 27 5040086 30 13500 14671 2792 921 431 29
2016 10 28 5048631 31 13562 14770 2699 854 407 38
2016 10 29 5031332 30 13370 14724 2817 865 390 35
2016 10 30 5245898 31 13861 15243 2920 903 388 37
2016 10 31 5045368 30 13487 14513 2705 903 406 30
2016 11 1 5073348 30 13466 14890 2867 944 345 36
2016 11 2 5185990 31 13902 14866 2897 934 396 26
2016 11 3 5269104 31 14079 15199 2923 929 415 39
2016 11 4 5054717 30 13411 14588 2733 857 368 29
2016 11 5 5087956 30 13618 14634 2902 888 376 44
2016 11 6 5231891 31 13570 14978 2968 914 419 34
2016 11 7 5118753 30 13555 14689 2833 867 377 36
2016 11 8 5337763 31 14094 15092 2894 911 406 41
2016 11 9 5094610 30 13439 14601 2732 949 400 32
2016 11 10 5092511 30 13638 14733 2854 880 402 32
2016 11 11 5210234 31 14041 14869 2795 915 413 34
2016 11 12 5298833 31 13997 15213 2850 883 428 33
2016 11 13 5066310 30 13145 14572 2738 870 412 40
2016 11 14 5064761 30 13506 14821 2775 871 352 43
2016 11 15 5185533 31 13828 15031 2878 849 394 33
2016 11 16 5077142 30 13419 14857 2758 885 390 35
2016 11 17 5300782 31 14188 15352 2932 930 388 36
2016 11 18 5103118 30 13632 14981 2816 888 422 41
2016 11 19 5113145 30 13599 14698 2870 869 389 39
2016 11 20 5247906 31 13707 15155 2836 870 418 26
2016 11 21 5346948 31 14283 15469 2866 947 409 44
2016 11 22 5066175 30 13462 14599 2788 865 357 32
2016 11 23 5031603 30 13470 14691 2752 931 423 40
2016 11 24 5143420 31 13668 15277 2963 926 408 35
2016 11 25 5022444 30 13441 14884 2840 930 408 39
2016 11 26 5230609 31 13812 15022 3032 944 407 30
2016 11 27 5018870 30 13577 14486 2761 901 403 32
2016 11 28 5145968 31 13767 15267 2875 885 383 31
2016 11 29 5047280 30 13453 14826 2860 859 373 33
2016 11 30 5171062 31 13860 15055 2815 938 432 32
2016 12 1 5066249 30 13526 14674 2784 877 353 39
2016 12 2 5075242 30 13573 14773 2744 850 389 43
2016 12 3 5217539 31 13922 15334 2786 873 381 28
2016 12 4 5115998 30 13619 14921 2790 906 396 36
2016 12 5 5329861 31 14151 15619 2981 896 389 42
2016 12 6 5099616 30 13546 14924 2835 823 411 34
2016 12 7 5224287 31 13726 15231 2837 902 352 46
2016 12 8 5104174 30 13650 14536 2852 916 413 48
2016 12 9 5290199 31 14114 15215 2873 900 450 36
2016 12 10 5055373 30 13541 14673 2763 871 398 21
2016 12 11 5052977 30 13334 14452 2813 870 391 33
2016 12 12 5168294 31 13837 15046 2796 891 397 41
2016 12 13 5280501 31 13892 15379 2919 894 445 37
2016 12 14 5089175 30 13696 14710 2833 889 359 43
2016 12 15 5093002 30 13552 14691 2772 841 365 35
2016 12 16 5219496 31 14115 15054 2876 930 407 45
2016 12 17 5109729 30 13490 14641 2868 857 387 32
2016 12 18 5331013 31 14044 15476 2931 894 411 34
2016 12 19 5088665 30 13522 14702 2858 914 374 24
2016 12 20 5068109 30 13350 14689 2772 878 394 38
2016 12 21 5163758 31 13739 14944 2875 923 413 36
2016 12 22 5257033 31 13877 15157 2883 896 414 44
2016 12 23 5035593 30 13370 14794 2805 842 407 48
2016 12 24 5021836 30 13349 14692 2939 929 384 36
2016 12 25 5131673 31 13852 15087 2875 892 425 29
2016 12 26 5020843 30 13467 14830 2708 887 412 43
2016 12 27 5136737 31 13810 14917 2944 923 401 36
2016 12 28 5052716 30 13508 14711 2785 888 410 40
2016 12 29 5070667 30 13553 14664 2900 910 367 39
2016 12 30 5206375 31 13712 15218 2937 859 397 27
2016 12 31 5315562 31 14142 15224 2842 940 417 31
2017 1 1 5088485 30 13320 14820 2801 873 402 41
2017 1 2 5103029 30 13696 14705 2755 863 395 36
2017 1 3 5220879 31 13782 15132 2843 898 386 36
2017 1 4 5072393 30 13480 14779 2793 870 401 30
2017 1 5 5279106 31 14088 15424 2928 899 401 44
2017 1 6 5053851 30 13557 14750 2700 853 380 44
2017 1 7 5186243 31 13894 15108 2907 932 412 30
2017 1 8 5069974 30 13583 14748 2740 881 380 45
2017 1 9 5298581 31 14029 15508 2923 886 428 36
2017 1 10 5084614 30 13433 14828 2903 831 397 32
2017 1 11 5097323 30 13365 14701 2758 891 398 34
2017 1 12 5232962 31 13839 14954 2898 893 426 28
2017 1 13 5110620 30 13626 14798 2809 869 367 40
2017 1 14 5335632 31 13913 15291 2952 899 397 46
2017 1 15 5124270 30 13760 14659 2809 911 385 38
2017 1 16 5251556 31 14009 14867 2837 870 385 31
2017 1 17 5111783 30 13507 14473 2772 837 407 42
2017 1 18 5320015 31 14226 15407 2880 893 432 32
2017 1 19 5103708 30 13569 14748 2862 904 408 34
2017 1 20 5088749 30 13661 14537 2800 894 426 44
2017 1 21 5206252 31 13960 15147 2766 920 387 33
2017 1 22 5308785 31 14189 15398 2991 924 382 41
2017 1 23 5099559 30 13274 14802 2817 912 395 36
2017 1 24 5113898 30 13712 14802 2745 869 384 26
2017 1 25 5141406 31 13709 14698 2882 870 386 31
2017 1 26 5105899 30 13543 14978 2791 887 370 28
2017 1 27 5321516 31 14144 15404 2988 945 422 51
2017 1 28 5116493 30 13558 14646 2827 883 385 26
2017 1 29 5127136 30 13649 14502 2771 869 356 31
2017 1 30 5264042 31 13876 15038 2928 841 426 36
2017 1 31 5348693 31 13915 15122 2745 919 390 24
2017 2 1 5113118 30 13648 14424 2835 923 375 31
2017 2 2 5100914 30 13437 14578 2808 854 360 37
2017 2 3 5220931 31 14000 15110 2818 910 375 28
2017 2 4 5102977 30 13495 14809 2814 857 383 36
2017 2 5 5319027 31 14151 15284 2792 874 416 32
2017 2 6 5118703 30 13416 14756 2791 890 371 31
2017 2 7 5254343 31 13611 15105 2815 864 399 51
2017 2 8 5137937 30 13480 14964 2776 927 385 27
2017 2 9 5342713 31 13894 15394 2861 901 371 31
2017 2 10 5132643 30 13668 14822 2744 869 384 42
2017 2 11 5145857 30 13645 14477 2768 878 391 28
2017 2 12 5273847 31 13845 15220 2899 886 365 29
2017 2 13 5153942 30 13482 14738 2776 857 378 31
2017 2 14 5367199 31 14074 15134 2885 873 385 39
2017 2 15 5145449 30 13592 14663 2778 851 394 27
2017 2 16 5273848 31 13785 15128 2917 890 387 36
2017 2 17 5139735 30 13590 14660 2758 852 368 34
2017 2 18 5349960 31 13835 15225 2917 907 373 37
2017 2 19 5142439 30 13522 14549 2732 886 370 46
2017 2 20 5143515 30 13649 14613 2753 862 377 29
2017 2 21 5269045 31 14024 15284 2825 894 407 37
2017 2 22 5256795 31 13800 14785 2764 855 406 30
2017 2 23 5143899 30 13443 14650 2785 830 371 28
2017 2 24 5130205 30 13400 14594 2802 875 379 37
2017 2 25 5262339 31 13566 14951 2838 880 410 27
2017 2 26 5150294 30 13389 14690 2845 851 396 35
2017 2 27 5394976 31 13754 15018 2908 943 401 45
2017 2 28 5167547 30 13460 14509 2691 876 377 34
2017 2 29 0 0 0 0 0 0 0 0
2017 2 30 0 0 0 0 0 0 0 0
2017 3 1 5139226 30 13541 14569 2721 875 394 46
2017 3 2 5250369 31 13677 15225 2856 924 407 47
2017 3 3 5348724 31 13952 15079 2865 931 410 27
2017 3 4 5138797 30 13498 14478 2746 886 382 40
2017 3 5 5146694 30 13530 14577 2771 882 375 36
2017 3 6 5271201 31 13943 15281 2870 880 390 44
2017 3 7 5154409 30 13401 14821 2655 800 379 31
2017 3 8 5364877 31 13930 15028 2929 900 383 32
2017 3 9 5153406 30 13548 14514 2772 896 409 46
2017 3 10 5163359 30 13348 14892 2828 809 381 29
2017 3 11 5286190 31 13928 15233 2785 858 416 37
2017 3 12 5399297 31 14067 15557 2990 936 389 39
2017 3 13 5178369 30 13622 14638 2739 876 410 29
2017 3 14 5172328 30 13485 14663 2785 806 398 38
2017 3 15 5288364 31 13843 15171 2893 878 386 35
2017 3 16 5159681 30 13506 14735 2786 819 358 39
2017 3 17 5381598 31 14018 15324 2917 953 370 29
2017 3 18 5172686 30 13475 14630 2760 911 406 35
2017 3 19 5300961 31 13800 14994 2895 908 423 43
2017 3 20 5186491 30 13722 14497 2676 909 376 33
2017 3 21 5381124 31 13913 15193 2967 880 422 31
2017 3 22 5145569 30 13316 14539 2705 910 362 46
2017 3 23 5148229 30 13561 15091 2787 864 387 48
2017 3 24 5233863 31 13578 14940 2807 880 369 32
2017 3 25 5128274 30 13534 14665 2794 861 392 36
2017 3 26 5382884 31 13959 15268 2983 928 417 42
2017 3 27 5167134 30 13455 14763 2746 828 386 29
2017 3 28 5172381 31 13495 14682 2700 838 395 43
2017 3 29 5136677 30 13470 14767 2822 872 388 35
2017 3 30 5346083 31 14059 15333 2941 915 408 32
2017 3 31 5125223 30 13558 14673 2905 885 406 30
2017 4 1 5112914 30 13643 14640 2815 907 355 38
2017 4 2 5230018 31 13507 15229 2858 902 397 33
2017 4 3 5326564 31 13915 15304 2800 876 434 39
2017 4 4 5080224 30 13399 14575 2817 923 396 42
2017 4 5 5053911 30 13382 14871 2832 951 393 28
2017 4 6 5179184 31 13991 14917 2956 912 407 27
2017 4 7 5077950 30 13352 14827 2778 882 384 28
2017 4 8 5088398 30 13629 14531 2874 932 396 31
2017 4 9 5265614 31 14037 15437 2899 878 398 39
2017 4 10 5103233 30 13470 14675 2705 902 400 35
2017 4 11 5217416 31 13910 14960 2752 900 392 39
2017 4 12 5325869 31 14138 15369 2932 895 404 30
2017 4 13 5122646 30 13362 14813 2766 904 395 47
2017 4 14 5119836 30 13282 14866 2889 914 417 39
2017 4 15 5252222 31 13773 15124 2832 896 419 43
2017 4 16 5140111 30 13536 14790 2826 930 381 35
2017 4 17 5372850 31 14079 15168 2908 918 418 26
2017 4 18 5146457 30 13555 14697 2925 886 388 39
2017 4 19 5255156 31 14064 15043 2951 945 361 36
2017 4 20 5108823 30 13483 14657 2812 884 399 33
2017 4 21 5309305 31 14117 15329 3028 912 395 59
2017 4 22 5057837 30 13650 14877 2773 910 413 43
2017 4 23 5040180 30 13523 14697 2798 922 387 46
2017 4 24 5159822 31 13578 15354 2800 898 417 31
2017 4 25 5036631 30 13335 14649 2882 883 412 28
2017 4 26 5241401 31 13995 15394 2954 929 415 42
2017 4 27 5037382 30 13323 14655 2783 882 371 26
2017 4 28 5164436 31 13811 15068 2843 896 374 31
2017 4 29 4957881 30 13166 14498 2781 855 371 37
2017 4 30 5283027 31 13836 15173 2913 868 420 41
2017 5 1 5067140 30 13590 14919 2807 868 405 36
2017 5 2 5053672 30 13374 14725 2785 918 420 34
2017 5 3 5176784 31 13971 15068 2893 854 400 33
2017 5 4 5280861 31 14202 15470 2944 915 380 41
2017 5 5 5075320 30 13545 14907 2784 911 409 27
2017 5 6 5079072 30 13414 14702 2799 896 381 48
2017 5 7 5210841 31 13916 15207 2925 904 395 41
2017 5 8 5106978 30 13497 14756 2752 918 363 31
2017 5 9 5320683 31 14096 15167 2861 859 415 37
2017 5 10 5092412 30 13610 14607 2761 834 402 44
2017 5 11 5097000 30 13607 14614 2688 928 402 29
2017 5 12 5235606 31 13934 15230 2812 939 427 28
2017 5 13 5343029 31 14045 15359 2915 898 434 44
2017 5 14 5141737 30 13756 14700 2699 863 404 37
2017 5 15 5130896 30 13441 14777 2881 883 415 47
2017 5 16 5232344 31 13798 15141 2858 911 393 34
2017 5 17 5110141 30 13592 14921 2859 893 402 34
2017 5 18 5318929 31 14043 15374 2959 869 405 46
2017 5 19 5118454 30 13675 14868 2762 901 404 31
2017 5 20 5222835 31 14052 15330 2800 871 405 39
2017 5 21 5099768 30 13515 14815 2890 919 347 29
2017 5 22 5307879 31 14110 15613 2901 931 428 38
2017 5 23 5098165 30 13592 14630 2840 866 396 26
2017 5 24 5100833 30 13735 14960 2853 922 374 34
2017 5 25 5222754 31 13546 15102 2764 880 423 30
2017 5 26 5097036 30 13568 14827 2789 851 376 52
2017 5 27 5312980 31 14158 15318 2938 922 380 32
2017 5 28 5059434 30 13304 14793 2762 869 399 35
2017 5 29 5185575 31 13701 15010 2895 846 403 29
2017 5 30 4963575 30 13174 14348 2704 861 386 29
2017 5 31 5280997 31 13830 15207 2949 906 420 43
2017 6 1 5073040 30 12780 14122 2703 786 382 39
2017 6 2 5080618 30 13663 14842 2830 906 383 35
2017 6 3 5208969 31 13556 14789 2809 827 403 38
2017 6 4 5304677 31 13946 15056 2737 900 383 35
2017 6 5 5096581 30 13550 14750 2757 926 398 43
2017 6 6 5089948 30 13331 14712 2794 909 369 36
2017 6 7 5223829 31 14104 15526 2998 922 404 29
2017 6 8 5116442 30 13510 14623 2856 847 354 33
2017 6 9 5327109 31 0 0 0 0 0 0
2017 6 10 5128572 30 0 0 0 0 0 0
2017 6 11 5144511 30 0 0 0 0 0 0
2017 6 12 5265400 31 0 0 0 0 0 0
2017 6 13 5351608 31 0 0 0 0 0 0
2017 6 14 4931871 29 0 0 0 0 0 0
2017 6 15 0 0 0 0 0 0 0 0
2017 6 16 0 0 0 0 0 0 0 0
2017 6 17 0 0 0 0 0 0 0 0
2017 6 18 0 0 0 0 0 0 0 0
2017 6 19 0 0 0 0 0 0 0 0
2017 6 20 0 0 0 0 0 0 0 0
2017 6 21 0 0 0 0 0 0 0 0
2017 6 22 0 0 0 0 0 0 0 0
